1969464125
1874109329
764345037
764449703
1900414325
764328927
1954899619
1952604298
1932649128
764312434
1939314247
1825474601
1866590069
1947925546
1900469286
1803765396
764344492
1780799120
1889859410
1826224430
1826230730
1864699419
764404022
1826230774
1883594123
1803749141
1870174130
1803734535
764300171
1860559742
1826231088
1941410258
1743479725
1825539262
1825474846
1895149146
1748044125
1900399949
764287946
764286056
1874114431
1952579324
1748984131
764398367
764281474
1977889309
764404362
764345148
764334612
1889854348
764345456
1866584331
764319904
1760569224
1826232682
1823759751
1745715074
1950419172
1950419152
1954894187
1977989144
1978189117
1900400370
1773049199
1950489240
1826230813
1866589346
1947924610
764280441
764277773
1900364127
1803644827
1954894456
1952619352
1961830005
1877935270
764286860
1961835266
1760609751
1893119610
1803574335
764311298
764295570
764309230
1932634372
1780794533
1897539273
1803814243
1777039853
1870139197
1978424119
1825954569
764314707
1848745087
764360891
764001014
764319933
1781479133
764280945
1781009205
1952619318
1848604187
1889859324
1846449199
1760609517
1848639183
764300266
1826229276
1846514116
1900394615
1954899517
1825975228
1780849204
1952579644
764336308
764288987
1777040153
1780909380
1885614130
1781374539
1954894855
764290393
1895139142
1760619548
764365362
1825474437
764279539
1889859142
1900464432
1803604761
1780794806
1780794322
1803619956
764286692
1848624201
1885574331
764281275
1760530040
764283225
764363785
764318632
764285523
1803714151
764366102
1780794815
764049924
1900374159
1826219207
1848634281
1866594153
764455174
1887489168
1781419117
1952620466
1848614143
764405650
1945509155
1803729152
1941409144
1977829162
764357144
1781309117
1952620063
1952619650
764215621
1781389130
1760569466
1780795395
1950419409
764310189
764401534
764294438
1848654304
1768729532
1848654506
1748964131
1803789166
1768734485
764277533
1952620476
1964684338
764327130
1866589224
1803804199
1770969398
1826334116
1952620514
1798299160
1803579178
1966995023
1952579309
1937294549
1900464612
1978204160
1977854213
764278254
1978504236
1826233432
1826229902
1803644855
764296025
1749114117
764307088
1969479170
1887529121
1780939986
1900364134
764377394
764409401
1866604263
764291674
1848714135
1848594228
1883575594
1803589509
1900399647
764334973
764408388
1881589117
1883639147
764319317
764337942
764292076
1872149407
1848654435
1773049725
764346030
764283473
1961834413
1848744589
1825844142
1773049796
764364100
1870139343
1900399684
1893119399
1760619461
1743479585
764331456
1747835108
764339856
764347505
764307853
1803804303
1932684226
1900399354
1950419309
1781239218
1747929127
1825589178
764398738
1897524233
1900464486
1781184117
764280129
1823764325
764336098
1803619303
1877939224
764284475
1780794454
1780934332
1748214231
1825959164
764314197
1803824279
764450623
1825974322
764342969
1900194221
1978114478
1826232984
1825975286
1961834662
1889859762
764329985
1780795090
1954895100
1747834718
1803764325
1971704254
764289271
1743479554
1966995640
1803645026
1862714508
1927169171
1937294441
1825764135
1848614115
764287554
1825839570
1749179137
1971714151
1893104415
1866589904
1826231805
1825814414
764215445
1954904277
1803574518
1969429127
764331218
1803799143
764352675
1848654469
1826229726
1866590046
1826064136
1900465700
1803620621
1883594348
1803604617
1848634477
1895149540
1897534129
1780794216
764282168
1760609463
1945444823
764329642
1760519189
1780939136
1770969317
1900369155
1780969258
1760574377
764449353
764366298
1881559235
1777039243
1954899666
1823759655
764282184
1780909305
1945479334
1826084202
1969424193
1748029139
1826064176
1864699427
1952620417
1825974528
1900475172
1803619793
1939409153
1773049603
1780909922
764335440
764371562
764284905
1874154150
1780909540
1877935343
1801785281
1803765172
1826224115
1777040584
764453716
764283868
1872149567
1749194203
1872179159
1803749137
1760609836
1803634159
1900399676
1881604436
1939359125
1775084362
764399817
764305858
1801784655
1803569375
1748429120
1866589328
1768734574
764301681
764284114
1945445016
1952594178
1803569496
1881604522
1887579134
1866604140
764362131
764301891
1826354129
1964659368
1773050027
1866590000
764281205
1826219199
1895139183
1801785153
1977819472
1825674117
1781374245
1826231757
1781484312
1825474728
1866584463
1803579993
1872164256
1781409181
1768729466
1950439164
1760519328
1846539175
1848634873
1803799194
1748039156
1900334306
764450472
1826299125
764457084
1745715188
764288552
1966994626
1781264120
1887554142
1971699153
1954894752
1937294273
1826159135
764399078
1848669135
1969434339
1881584147
764278700
1872149847
1773049803
1954894695
764291529
764326529
1952580045
1803684121
1900234215
1864714608
1826229137
1781369147
1883609194
1945449161
1864734128
1848634516
764324422
1826233617
1964684117
1803794124
1964659383
1803574554
1876024118
1803784189
1803654135
764281096
1826259132
1780909443
1803620659
1748424152
1889859714
764355653
764284898
1803579637
1823759399
764320909
1885589121
1939399119
764276777
1803604488
764294428
1900364190
764348654
1743474139
1803574258
764313845
1939414146
1866589507
1781419139
1864704249
1978549118
1747834440
1780964504
1900475310
1803620455
1768729459
1749204154
1825834146
1900465122
1825975645
1978439308
1803599221
1823764678
1900474151
1781224152
1900474351
1825839437
1964689631
1760530077
1941410341
1745714158